kinematics:
  shoulder:
    x: 0
    y: 0
    z: 0.08937168061794046
    roll: -0
    pitch: 0
    yaw: -5.535071918674799e-06
  upper_arm:
    x: 4.736583623794504e-05
    y: 0
    z: 0
    roll: 1.56935233979061
    pitch: 0
    yaw: 2.148750063307274e-05
  forearm:
    x: -0.4251996858995075
    y: 0
    z: 0
    roll: 3.141031345447152
    pitch: 3.139317166308107
    yaw: -3.14150939736826
  wrist_1:
    x: -0.3918591328397163
    y: 0.0004530639408134287
    z: 0.1109558647502878
    roll: 3.137509395585788
    pitch: 3.139204372229455
    yaw: 3.141543339442291
  wrist_2:
    x: -8.397271797899763e-07
    y: -0.09474380445565644
    z: 2.282524431136844e-05
    roll: 1.57055541137039
    pitch: 0
    yaw: -2.847037737455636e-05
  wrist_3:
    x: -2.154902833761974e-05
    y: 0.08212495395252743
    z: 8.819666142102609e-06
    roll: 1.570903720049732
    pitch: 3.141592653589793
    yaw: -3.141534073474877
  hash: calib_12486481207745372903